4 1 2 3 8 5 6 7 12 9 10 11 13 0 14 15
1 2 0 6 4 5 7 3 8 9 10 11 12 13 14 15
1 2 3 7 4 5 6 11 8 9 0 15 12 13 10 14
4 1 0 2 8 5 6 3 12 9 11 7 13 14 10 15
2 3 5 7 1 4 10 6 8 9 11 0 12 13 14 15
1 3 7 11 4 2 5 10 8 0 9 6 12 13 14 15
5 9 2 3 1 0 6 7 4 13 10 11 8 12 14 15
4 1 3 10 5 11 2 7 8 6 14 9 12 0 13 15
4 8 2 3 5 6 7 11 0 9 10 15 12 1 13 14
1 5 7 2 9 6 11 10 12 0 8 3 13 4 14 15
4 1 2 3 5 9 7 11 12 8 15 14 6 0 10 13
9 4 1 6 7 8 2 3 0 12 10 11 13 5 14 15
8 12 3 7 2 5 6 11 1 10 4 15 13 0 9 14
4 6 3 2 8 5 1 7 9 15 14 10 12 13 0 11
9 4 10 7 1 6 2 0 8 13 11 3 12 5 14 15
2 6 7 3 12 1 10 11 0 4 5 15 9 8 13 14
1 3 6 5 8 2 7 15 0 9 4 13 12 10 14 11
5 2 0 14 12 3 10 6 4 9 8 7 13 1 15 11
14 6 9 3 13 1 2 7 0 12 8 11 4 5 10 15
4 1 5 10 3 7 8 6 12 9 0 11 13 15 14 2